ncpu        =          1
ndim        =          3
levelmin    =          5
levelmax    =         19
ngridmax    =    1000000
nstep_coarse=          0
 
boxlen      =  0.100000000000000E+04
time        =  0.000000000000000E+00
aexp        =  0.100000000000000E+01
H0          =  0.100000000000000E+01
omega_m     =  0.100000000000000E+01
omega_l     =  0.000000000000000E+00
omega_k     =  0.000000000000000E+00
omega_b     =  0.000000000000000E+00
unit_l      =  0.308567758000000E+22
unit_d      =  0.676838228797003E-31
unit_t      =  0.148786818949782E+20
 
ordering type=hilbert                                                                         
   DOMAIN   ind_min                 ind_max
       1   0.000000000000000E+00   0.115292150460685E+19
